1,606,192,,,0,241,0,6,231,52,0,
2,602,78,,,0,908,0,6,236,66,0,
3,600,193,,,0,270,0,6,231,60,0,
4,593,79,,,0,461,0,6,229,62,0,
5,596,193,,,0,270,0,6,231,60,0,
6,608,193,,,0,270,0,6,231,60,0,
7,595,194,,,0,806,0,6,231,61,0,
8,607,80,,,0,635,0,6,56,68,0,
9,601,195,,,0,101,0,6,224,44,0,
10,611,81,,,0,347,0,6,56,74,0,
11,594,195,,,0,101,0,6,224,44,0,
12,621,82,,,0,358,0,6,56,70,0,
13,624,195,,,0,101,0,6,224,44,0,
14,623,195,,,0,101,0,6,224,44,0,
15,625,195,,,0,101,0,6,224,44,0,
16,628,83,,,0,984,0,6,56,72,0,
17,627,84,,,0,335,0,6,229,50,0,
18,629,196,,,0,136,0,6,231,63,0,
19,630,195,,,0,101,0,6,224,44,0,
20,633,85,,,0,326,0,6,103,76,0,
21,634,195,,,0,101,0,6,224,44,0,
22,632,86,,,0,487,0,6,230,50,0,
23,635,87,,,0,196,0,6,188,65,0,
24,636,195,,,0,101,0,6,224,44,0,
25,637,195,,,0,101,0,6,224,44,0,
26,641,195,,,0,101,0,6,224,44,0,
27,635,88,,,0,188,0,6,188,55,0,
28,642,195,,,0,101,0,6,224,44,0,
29,632,89,,,0,698,0,6,56,88,0,
31,637,87,2017-06-20 16:49:49,,0,196,0,6,188,65,0,
32,633,90,,,0,98,0,6,103,86,0,
33,645,91,,,0,226,0,6,188,67,0,
34,635,91,,,0,226,0,6,188,67,0,
35,624,92,,,0,435,0,6,230,71,0,
36,637,91,,,0,226,0,6,188,67,0,
37,626,93,,,0,412,0,6,229,54,0,
38,643,94,,,0,1337,0,6,242,60,0,
41,623,196,,,0,136,0,6,231,63,0,
42,645,96,,,0,253,0,6,103,79,0,
43,627,197,,,0,349,0,6,231,44,0,
44,638,196,,,0,136,0,6,231,63,0,
45,633,97,,,0,490,0,6,243,52,0,
46,631,195,,,0,101,0,6,224,44,0,
47,639,98,,,0,524,0,6,229,53,0,
48,616,99,,,0,399,0,6,229,67,0,
49,656,100,,,0,536,0,6,236,74,0,
50,658,198,,,0,874,0,6,231,59,0,
51,653,87,,,0,196,0,6,188,65,0,
52,657,199,,,0,476,0,6,231,64,0,
53,661,101,,,0,536,0,6,236,65,0,
54,654,200,,,0,1116,0,6,231,64,0,
55,655,201,,,0,200,0,6,231,63,0,
56,659,102,,,0,334,0,6,229,66,0,
57,658,199,,,0,476,0,6,231,64,0,
58,651,199,,,0,476,0,6,231,64,0,
59,656,202,,,0,248,0,6,231,85,0,
60,662,203,,,0,277,0,6,231,48,0,
61,652,195,,,0,101,0,6,224,44,0,
62,657,200,,,0,1116,0,6,231,64,0,
63,650,103,,,0,366,0,6,56,72,0,
64,649,87,,,0,196,0,6,188,65,0,
65,658,202,,,0,248,0,6,231,85,0,
66,656,104,,,0,482,0,6,236,60,0,
67,652,99,,,0,399,0,6,229,67,0,
68,659,105,,,0,362,0,6,229,64,0,
69,656,106,,,0,474,0,6,229,56,0,
70,653,107,,,0,288,0,6,103,62,0,
71,656,108,,,0,1131,0,6,56,68,0,
72,655,109,,,0,538,0,6,236,56,0,
73,649,110,,,0,245,0,6,229,53,0,
74,651,200,,,0,1116,0,6,231,64,0,
75,661,111,,,0,1834,0,6,188,65,0,
76,656,204,,,0,300,0,6,231,82,0,
77,671,112,,,0,504,0,6,103,72,0,
78,681,110,,,0,245,0,6,229,53,0,
80,673,113,,,0,577,0,6,229,67,0,
81,677,59,,,0,439,0,6,229,47,0,
82,688,59,2017-06-20 15:48:48,,0,439,0,6,229,47,0,
83,684,110,,,0,245,0,6,229,53,0,
84,683,110,,,0,245,0,6,229,53,0,
85,687,59,,,0,439,0,6,229,47,0,
86,690,102,,,0,334,0,6,229,66,0,
87,691,102,,,0,334,0,6,229,66,0,
88,679,110,,,0,245,0,6,229,53,0,
90,681,106,,,0,474,0,6,229,56,0,
91,689,59,,,0,439,0,6,229,47,0,
92,681,114,,,0,27,0,6,229,65,0,
93,679,102,,,0,334,0,6,229,66,0,
94,659,114,,,0,27,0,6,229,65,0,
95,659,113,,,0,577,0,6,229,67,0,
96,659,99,,,0,399,0,6,229,67,0,
97,635,115,,,0,254,0,6,188,50,0,
98,661,116,,,0,893,0,6,236,62,0,
99,661,105,,,0,362,0,6,229,64,0,
100,661,117,,,0,501,0,6,236,65,0,
101,681,118,,,0,392,0,6,229,63,0,
102,655,119,,,0,128,0,6,56,63,0,
103,651,205,,,0,243,0,6,231,62,0,
104,651,120,,,0,354,0,6,56,63,0,
105,651,206,,,0,186,0,6,231,91,0,
106,651,207,,,0,139,0,6,231,83,0,
107,655,208,,,0,113,0,6,231,57,0,
108,655,121,,,0,797,0,6,56,49,0,
109,606,209,,,0,169,0,6,231,59,0,
110,606,210,,,0,133,0,6,231,69,0,
111,606,208,,,0,113,0,6,231,57,0,
112,606,122,,,0,51,0,6,56,73,0,
113,606,123,,,0,1056,0,6,311,61,0,
114,621,124,,,0,351,0,6,56,66,0,
115,616,211,,,0,151,0,6,231,46,0,
116,616,125,,,0,82,0,6,103,47,0,
117,617,126,,,0,415,0,6,236,57,0,
118,617,127,,,0,353,0,6,236,86,0,
119,617,128,,,0,489,0,6,236,81,0,
120,687,99,,,0,399,0,6,229,67,0,
121,687,79,,,0,461,0,6,229,62,0,
122,649,212,,,0,465,0,6,231,53,0,
123,603,99,,,0,399,0,6,229,67,0,
124,603,129,,,0,591,0,6,230,63,0,
125,621,59,,,0,439,0,6,229,47,0,
126,615,91,,,0,226,0,6,188,67,0,
127,594,130,,,0,643,0,6,103,64,0,
128,615,131,,,0,372,0,6,56,63,0,
129,607,132,,,0,941,0,6,56,42,0,
130,639,133,,,0,27,0,6,229,65,0,
131,608,213,,,0,163,0,6,231,74,0,
132,603,134,,,0,472,0,6,229,55,0,
133,603,114,,,0,27,0,6,229,65,0,
134,628,135,,,0,176,0,6,56,68,0,
135,628,99,,,0,399,0,6,229,67,0,
136,606,214,,,0,108,0,6,231,61,0,
137,642,136,,,0,139,0,6,103,56,0,
138,642,137,,,0,401,0,6,103,68,0,
139,606,138,,,0,827,0,6,56,73,0,
140,627,215,,,0,625,0,6,231,60,0,
141,603,139,,,0,149,0,6,103,79,0,
142,603,140,,,0,155,0,6,103,73,0,
143,594,141,,,0,595,0,6,103,69,0,
144,642,142,,,0,586,0,6,229,52,0,
145,1066,195,,,0,101,0,6,224,44,0,
146,1066,142,2017-06-25 16:24:24,,0,586,0,6,229,52,0,
147,1066,143,,,0,492,0,6,229,56,0,
148,1066,134,,,0,472,0,6,229,55,0,
149,642,144,,,0,1189,0,6,103,91,0,
150,593,57,,,0,212,0,6,56,62,0,
151,656,216,,,0,289,0,6,231,33,0,
152,656,218,,,0,204,0,6,231,61,0,
153,656,217,,,0,3724,0,6,231,56,0,
154,628,114,,,0,27,0,6,229,65,0,
155,628,106,,,0,474,0,6,229,56,0,
156,593,145,,,0,373,0,6,56,78,0,
157,659,115,,,0,254,0,6,188,50,0,
158,689,99,,,0,399,0,6,229,67,0,
159,656,146,,,0,1508,0,6,56,60,0,
160,689,142,,,0,586,0,6,229,52,0,
161,655,147,,,0,819,0,6,312,63,0,
162,640,195,,,0,101,0,6,224,44,0,
163,657,219,,,0,223,0,6,231,63,0,
164,657,220,,,0,215,0,6,231,57,0,
165,657,221,,,0,55,0,6,231,72,0,
166,657,222,,,0,118,0,6,231,52,0,
167,657,223,,,0,226,0,6,231,66,0,
168,657,224,,,0,223,0,6,231,80,0,
169,617,148,2017-06-19 14:58:58,,0,188,0,6,236,56,0,
175,650,154,2017-06-19 19:36:36,,0,1156,0,6,103,70,0,
185,687,57,,,0,212,0,6,56,62,0,
191,609,160,,,0,616,0,6,56,69,0,
200,638,230,,,0,154,0,6,231,81,0,
204,660,58,2017-06-25 18:52:52,2017-06-25 18:57:57,1,359,0,6,56,61,0,
209,633,163,2017-06-26 14:02:02,,1,833,0,6,56,90,0,
220,688,114,2017-06-20 15:49:49,,0,27,0,6,229,65,0,
225,607,168,2017-06-26 18:19:19,,0,794,0,6,56,60,0,
246,636,243,,,0,240,0,6,231,74,0,
247,1078,195,,,0,101,0,6,224,44,0,
263,1078,114,2017-06-27 14:25:25,,1,27,0,6,229,65,0,
286,642,57,,,0,212,0,6,56,62,0,
302,636,185,2017-06-28 15:21:21,,0,436,0,6,56,75,0,
306,636,133,2017-06-28 15:39:39,,0,27,0,6,229,65,0,
318,638,255,,,0,110,1,6,231,62,0,
338,632,114,2017-06-28 19:04:04,,0,27,0,6,229,65,0,
360,630,269,,,0,150,0,6,231,57,0,
362,689,134,,,0,472,0,6,229,55,0,
363,689,270,,,0,108,1,6,231,73,0,
367,657,273,,,0,102,0,6,231,60,0,
372,1081,195,,,0,101,0,6,224,44,0,
374,1081,114,2017-06-29 18:35:35,,0,27,0,6,229,65,0,
380,606,280,2017-06-29 21:14:14,,0,913,0,6,56,67,0,
387,678,178,,,0,821,0,6,188,52,0,
397,631,288,,,0,711,0,6,236,67,0,
409,631,296,,,1,483,0,6,231,56,0,
417,631,302,,,1,643,0,6,231,61,0,
418,631,303,,,0,267,0,6,231,59,0,
420,678,304,,,0,561,0,6,103,67,0,
435,1082,302,,2017-07-10 12:11:11,1,643,0,6,231,61,0,
454,678,327,2017-07-11 18:30:30,,1,126,0,6,103,64,0,
39,641,91,2017-06-27 16:58:58,,0,226,1,6,188,67,18,
346,626,65,,,0,379,5,6,188,55,22,
356,608,265,,,0,91,2,6,231,46,23,
231,628,237,,,0,93,3,6,231,70,40,
463,630,335,,,0,108,5,6,231,61,40,
385,630,282,,,0,67,2,6,231,76,43,
222,626,91,2017-06-26 17:09:09,,0,226,15,6,188,67,46,
238,636,239,,,1,81,4,6,231,79,50,
353,630,263,,,0,114,3,6,231,83,53,
174,603,153,2017-06-19 18:48:48,,0,77,4,6,103,77,55,
355,608,264,,,0,69,2,6,231,40,56,
458,630,331,2017-07-13 19:10:10,,0,628,1,6,230,74,56,
203,638,233,,,0,208,1,6,231,68,62,
197,608,227,,,0,68,11,6,231,81,65,
199,638,229,,,0,79,7,6,231,65,65,
243,636,174,2017-06-27 09:19:19,,1,77,5,6,188,59,74,
289,636,249,,,0,256,5,6,231,45,74,
327,687,188,2017-06-28 18:12:12,,0,95,10,6,103,74,75,
234,594,170,2017-06-26 20:11:11,,0,88,9,6,103,72,80,
315,642,187,2017-06-28 16:17:17,,0,1093,3,6,56,76,81,
339,643,258,,,0,97,11,6,231,55,83,
368,657,274,,,0,112,7,6,231,68,86,
432,1082,311,,2017-07-10 11:46:46,0,89,60,6,231,64,87,
466,630,337,,,0,127,6,6,231,53,89,
240,636,241,,,0,110,2,6,231,78,91,
300,643,88,2017-06-28 15:22:22,,0,188,10,6,188,55,91,
410,631,297,,,0,156,4,6,231,74,94,
365,657,270,,,0,108,10,6,231,73,95,
358,608,267,,,0,103,7,6,231,73,97,
230,674,91,2017-06-26 19:17:17,,0,226,15,6,188,67,99,
312,1078,186,2017-06-28 15:55:55,,1,144,9,6,56,62,104,
281,629,247,,,1,128,8,6,231,75,108,
331,608,256,,,0,169,8,6,231,69,113,
344,676,256,,,0,169,10,6,231,69,113,
430,631,88,2017-07-10 10:26:26,,0,188,5,6,188,55,113,
287,642,180,2017-06-28 12:44:44,,0,139,10,6,56,62,117,
462,630,334,,,0,132,8,6,231,65,123,
357,608,266,,,0,142,10,6,231,82,124,
465,630,336,,,0,139,5,6,231,56,133,
284,636,248,,,0,205,3,6,231,86,136,
280,629,246,,,1,140,10,6,231,65,137,
237,608,238,,,0,171,21,6,231,52,138,
350,627,260,,,1,179,15,6,231,28,139,
179,594,88,2017-06-22 09:55:55,,0,188,27,6,188,55,140,
305,636,87,2017-06-28 15:36:36,,0,196,3,6,188,65,142,
309,629,254,,,0,155,9,6,231,56,142,
351,630,261,,,0,157,5,6,231,68,142,
460,630,332,,,0,175,7,6,231,82,145,
386,630,283,,,0,167,5,6,231,79,146,
186,687,158,2017-06-22 15:53:53,,0,163,13,6,56,56,147,
270,634,177,2017-06-27 15:13:13,,0,218,6,6,230,88,148,
416,678,72,,2017-07-10 07:53:53,1,189,19,6,103,54,156,
184,630,225,,,1,172,6,6,231,49,158,
201,638,231,,,0,515,12,6,231,75,158,
383,630,281,,,0,190,5,6,231,64,158,
390,657,285,,,0,251,13,6,231,69,162,
461,630,333,,,0,198,9,6,231,80,175,
450,630,324,2017-07-11 17:55:55,,0,230,5,6,230,62,176,
241,636,91,2017-06-27 09:00:00,,0,226,5,6,188,67,179,
244,636,242,,,0,191,5,6,231,71,180,
448,630,322,,,0,268,3,6,231,76,181,
30,641,87,2017-06-27 17:01:01,,0,196,15,6,188,65,185,
341,594,87,2017-06-28 19:24:24,,0,196,10,6,188,65,185,
352,630,262,,,0,193,6,6,231,70,189,
459,630,315,2017-07-13 19:14:14,,0,245,6,6,229,59,195,
194,601,57,2017-06-25 06:37:37,2017-06-25 06:48:48,1,212,40,6,56,62,200,
202,638,232,,,0,212,12,6,231,63,203,
321,621,177,2017-06-28 17:15:15,,0,218,22,6,230,88,203,
205,657,234,,,1,270,19,6,231,71,208,
429,631,91,2017-07-10 10:24:24,,1,226,7,6,188,67,215,
195,659,91,2017-06-25 11:24:24,,0,226,29,6,188,67,220,
248,1078,244,,,0,268,15,6,231,66,220,
345,594,91,2017-06-28 19:44:44,,0,226,13,6,188,67,220,
251,1076,62,2017-06-27 13:29:29,,1,392,4,6,229,65,223,
451,630,325,2017-07-11 17:56:56,,0,284,4,6,230,85,226,
173,603,152,2017-06-19 18:31:31,,0,239,32,6,103,72,228,
439,678,315,2017-07-11 08:54:54,,1,245,16,6,229,59,234,
349,643,259,,,0,328,10,6,231,41,235,
389,657,284,,,0,245,25,6,231,70,239,
411,631,115,2017-07-08 14:06:06,,0,254,6,6,188,50,240,
381,602,277,2017-06-30 11:35:35,,1,287,12,6,236,63,242,
332,645,257,,,1,253,29,6,231,55,248,
366,657,272,,,0,259,17,6,231,46,248,
304,643,249,,,0,256,15,6,231,45,250,
189,660,99,2017-06-23 16:53:53,,0,399,9,6,229,67,257,
228,607,99,2017-06-26 18:57:57,,1,399,8,6,229,67,257,
433,1082,312,,,1,267,64,6,231,89,260,
449,678,323,2017-07-11 17:51:51,,1,273,21,6,103,79,264,
303,629,252,,,0,302,13,6,231,56,265,
211,683,235,,,0,283,26,6,231,70,266,
298,621,183,2017-06-28 06:34:34,,0,279,6,6,103,69,267,
307,629,253,,,0,283,14,6,231,64,267,
408,631,295,,,1,334,11,6,231,75,270,
401,631,292,,,1,294,7,6,56,84,273,
377,613,277,2017-06-29 19:21:21,,0,287,22,6,236,63,277,
40,635,95,2017-06-27 17:29:29,,0,548,11,6,188,60,294,
170,617,149,2017-06-19 14:59:59,,0,308,35,6,236,61,298,
428,631,65,2017-07-10 10:19:19,,0,379,12,6,188,55,306,
443,614,318,2017-07-11 12:10:10,,0,321,26,6,103,56,312,
316,642,60,2017-06-28 16:20:20,,1,419,10,6,229,52,318,
398,671,289,2017-07-08 09:57:57,,0,330,22,6,103,63,319,
396,631,287,2017-07-08 09:11:11,,1,336,6,6,236,54,322,
442,678,317,2017-07-11 11:58:58,,1,346,32,6,229,60,322,
255,1076,67,2017-06-27 13:47:47,,1,393,5,6,229,57,324,
404,631,67,,,0,393,6,6,229,57,324,
336,636,62,2017-06-28 19:05:05,,0,392,6,6,229,65,325,
402,631,293,,,1,490,17,6,230,82,339,
258,1079,167,2017-06-27 14:15:15,,0,399,4,6,229,60,340,
178,633,156,2017-06-21 17:40:40,,1,358,12,6,103,49,346,
217,1076,167,2017-06-26 16:43:43,,0,399,16,6,229,60,346,
333,594,65,2017-06-28 18:56:56,,0,379,23,6,188,55,347,
257,1079,62,2017-06-27 13:46:46,,0,392,4,6,229,65,348,
378,613,278,2017-06-29 19:26:26,,0,378,30,6,230,64,348,
207,593,162,2017-06-26 09:01:01,,0,359,11,6,56,75,350,
254,1076,175,2017-06-27 13:45:45,,1,430,5,6,229,56,350,
427,631,310,2017-07-10 10:13:13,,1,386,14,6,230,54,350,
335,636,189,2017-06-28 18:50:50,,0,367,6,6,56,52,352,
271,634,62,2017-06-27 15:23:23,,0,392,34,6,229,65,353,
282,645,62,2017-06-28 12:38:38,,0,392,28,6,229,65,353,
295,625,62,2017-06-27 18:26:26,2017-06-27 18:26:26,1,392,29,6,229,65,353,
320,675,62,2017-06-28 17:11:11,,1,392,57,6,229,65,353,
261,1079,60,2017-06-27 14:24:24,,1,419,5,6,229,52,355,
319,676,65,2017-06-28 17:10:10,2017-06-28 17:36:36,1,379,23,6,188,55,356,
259,1079,175,2017-06-27 14:17:17,,0,430,4,6,229,56,360,
375,1081,60,,,0,419,14,6,229,52,365,
260,1079,67,2017-06-27 14:19:19,,0,393,8,6,229,57,368,
267,632,67,2017-06-27 14:44:44,,0,393,30,6,229,57,368,
285,628,67,2017-06-27 18:33:33,,0,393,41,6,229,57,368,
308,642,67,2017-06-28 12:43:43,,0,393,24,6,229,57,368,
239,636,240,,,1,404,6,6,231,49,372,
273,634,67,2017-06-27 16:52:52,,1,393,36,6,229,57,372,
296,675,67,2017-06-28 15:01:01,,1,393,86,6,229,57,372,
369,625,67,2017-06-27 18:25:25,2017-06-29 15:19:19,0,393,19,6,229,57,372,
227,627,236,,,0,396,29,6,231,41,373,
252,613,67,2017-06-27 13:34:34,,0,393,28,6,229,57,373,
325,645,65,2017-06-28 18:05:05,,0,379,82,6,188,55,375,
391,678,65,2017-07-04 17:33:33,2017-07-04 17:38:38,1,379,50,6,188,55,376,
79,675,99,2017-06-28 11:57:57,,1,399,58,6,229,67,378,
444,678,319,2017-07-11 12:15:15,,1,409,27,6,243,72,379,
276,641,178,2017-06-27 17:58:58,,0,821,2,6,188,52,380,
268,686,167,2017-06-27 14:59:59,,1,399,34,6,229,60,381,
370,659,70,2017-06-29 15:18:18,,0,473,8,6,229,46,381,
216,1066,99,2017-06-26 16:12:12,,0,399,19,6,229,67,383,
322,642,99,2017-06-28 17:29:29,,1,399,19,6,229,67,383,
326,675,167,2017-06-28 18:06:06,,1,399,51,6,229,60,383,
329,628,167,,,0,399,20,6,229,60,383,
310,641,60,2017-06-28 15:55:55,,0,419,16,6,229,52,384,
292,1078,250,,,1,407,25,6,231,68,386,
413,595,299,,,0,395,14,6,231,53,386,
423,678,306,,,1,412,39,6,103,57,389,
376,613,276,2017-06-29 19:08:08,,0,412,17,6,56,66,390,
235,594,171,2017-06-26 20:12:12,,0,404,21,6,103,57,391,
324,676,175,2017-06-28 17:39:39,,1,430,14,6,229,56,398,
330,675,175,2017-06-28 18:41:41,,0,430,7,6,229,56,398,
384,625,68,2017-07-02 11:14:14,2017-07-02 11:16:16,1,421,18,6,229,54,399,
464,630,314,2017-07-13 19:34:34,,0,438,11,6,229,49,400,
176,688,93,2017-06-20 15:49:49,,0,412,41,6,229,54,401,
177,633,155,2017-06-21 17:17:17,,1,495,25,6,103,76,401,
182,615,60,2017-06-22 14:38:38,,0,419,17,6,229,52,404,
183,630,60,2017-06-22 14:58:58,,1,419,14,6,229,52,404,
188,677,60,2017-06-23 13:25:25,,0,419,11,6,229,52,404,
196,1066,60,2017-06-25 14:02:02,,0,419,28,6,229,52,404,
208,621,60,2017-06-27 16:28:28,,0,419,45,6,229,52,404,
224,628,60,,2017-06-26 17:43:43,0,419,22,6,229,52,404,
249,1078,60,2017-06-27 12:19:19,,1,419,23,6,229,52,404,
274,625,60,2017-06-27 16:56:56,2017-06-27 17:03:03,1,419,17,6,229,52,404,
279,675,60,2017-06-28 14:01:01,,1,419,62,6,229,52,404,
297,641,159,2017-06-28 15:16:16,,0,441,20,6,236,77,405,
438,671,314,2017-07-10 20:54:54,,0,438,21,6,229,49,407,
453,678,77,2017-07-11 17:58:58,2017-07-11 18:05:05,1,442,23,6,103,75,408,
379,613,279,2017-06-29 19:32:32,,0,426,27,6,230,73,410,
215,683,59,2017-06-26 14:44:44,,0,439,23,6,229,47,411,
253,1078,59,2017-06-27 13:37:37,,1,439,21,6,229,47,411,
190,660,159,2017-06-23 16:57:57,,0,441,16,6,236,77,412,
89,686,59,2017-06-26 17:08:08,2017-06-26 17:18:18,1,439,31,6,229,47,419,
226,640,59,2017-06-26 18:44:44,,1,439,28,6,229,47,419,
373,1081,106,,,0,474,17,6,229,56,420,
262,1078,106,,,1,474,11,6,229,56,421,
382,659,161,2017-07-01 12:43:43,,0,445,30,6,229,68,424,
206,621,161,,,0,445,39,6,229,68,426,
407,631,190,,,0,519,2,6,229,72,427,
431,631,95,,,0,548,8,6,188,60,427,
340,675,161,2017-06-28 19:19:19,,1,445,55,6,229,68,428,
436,626,314,,,0,438,18,6,229,49,429,
388,678,70,,2017-07-03 12:14:14,1,473,16,6,229,46,438,
405,631,70,,,0,473,9,6,229,46,438,
317,625,64,2017-06-28 16:27:27,2017-06-28 16:32:32,0,553,18,6,229,47,441,
393,628,70,2017-07-05 09:22:22,,0,473,19,6,229,46,442,
213,633,164,,,1,489,17,6,103,63,443,
229,627,61,2017-06-26 19:06:06,,0,559,16,6,229,52,455,
219,688,106,,,0,474,27,6,229,56,457,
272,621,134,2017-06-27 16:30:30,,0,472,58,6,229,55,457,
337,632,106,,,0,474,23,6,229,56,457,
343,675,190,2017-06-28 19:26:26,,0,519,11,6,229,72,459,
361,689,143,2017-06-29 10:49:49,,0,492,52,6,229,56,465,
172,602,151,2017-06-19 17:14:14,,1,473,28,6,236,72,466,
354,630,191,2017-06-29 07:28:28,,0,486,12,6,230,74,475,
291,636,143,2017-06-28 13:01:01,,0,492,9,6,229,56,477,
210,594,164,2017-06-26 14:07:07,,0,489,36,6,103,63,480,
193,679,66,2017-06-24 14:08:08,,1,499,30,6,229,46,482,
221,688,66,2017-06-20 15:46:46,,0,499,26,6,229,46,482,
323,628,66,,,0,499,24,6,229,46,482,
342,625,66,2017-06-28 19:24:24,2017-06-28 19:29:29,0,499,24,6,229,46,482,
347,626,66,,,0,499,26,6,229,46,482,
299,629,251,,,0,510,13,6,231,40,487,
171,617,150,2017-06-19 15:36:36,,0,504,46,6,236,83,496,
348,594,95,2017-06-28 20:10:10,,0,548,22,6,188,60,503,
434,1082,313,,2017-07-10 11:54:54,1,517,100,6,231,52,506,
293,1078,64,2017-06-28 14:25:25,,1,553,31,6,229,47,507,
198,608,228,,,0,600,21,6,231,65,513,
283,641,179,2017-06-28 12:39:39,,1,523,68,6,236,71,516,
447,678,76,2017-07-11 17:30:30,2017-07-11 17:48:48,1,556,11,6,229,44,516,
245,636,142,2017-06-27 09:52:52,,0,586,7,6,229,52,517,
266,1078,176,2017-06-27 14:39:39,,0,537,28,6,56,68,520,
265,632,176,2017-06-27 14:25:25,,0,537,16,6,56,68,524,
181,615,61,2017-06-22 14:30:30,,0,559,10,6,229,52,525,
233,628,61,,2017-06-26 19:41:41,0,559,14,6,229,52,525,
256,1076,61,2017-06-27 13:50:50,,1,559,8,6,229,52,525,
264,1079,61,2017-06-27 14:26:26,,1,559,3,6,229,52,525,
277,641,95,2017-06-27 17:59:59,,0,548,15,6,188,60,525,
311,640,61,2017-06-28 15:55:55,,0,559,16,6,229,52,525,
328,642,61,2017-06-28 18:15:15,,1,559,13,6,229,52,525,
290,675,61,2017-06-28 13:00:00,,1,559,47,6,229,52,528,
192,679,61,2017-06-24 13:45:45,,1,559,30,6,229,52,530,
278,675,64,2017-06-28 10:58:58,,1,553,48,6,229,47,531,
446,678,321,2017-07-11 13:11:11,,1,559,26,6,103,77,531,
313,641,61,2017-06-28 16:01:01,,0,559,17,6,229,52,533,
223,626,61,2017-06-26 17:33:33,,0,559,20,6,229,52,538,
403,631,61,,,1,559,2,6,229,52,538,
218,691,61,2017-06-26 17:07:07,,1,559,43,6,229,52,539,
437,626,76,,,0,556,18,6,229,44,541,
392,678,69,,2017-07-03 12:13:13,0,565,16,6,229,62,546,
314,625,63,2017-06-28 16:14:14,2017-06-28 16:14:14,0,584,38,6,230,69,549,
250,1078,113,2017-06-27 13:11:11,,1,577,37,6,229,67,555,
212,633,165,,,1,581,24,6,103,64,561,
457,630,330,2017-07-11 20:11:11,,0,611,11,6,229,50,561,
334,607,63,2017-06-28 18:56:56,,0,584,38,6,230,69,563,
424,631,307,2017-07-10 09:22:22,,1,596,18,6,56,66,565,
425,1082,308,,,1,589,86,6,231,87,575,
288,642,181,2017-06-28 12:48:48,,0,653,28,6,103,76,590,
269,1078,245,,,1,609,21,6,231,65,597,
180,594,157,2017-06-22 10:28:28,,0,676,34,6,103,67,627,
412,595,298,2017-07-07 22:14:14,,0,746,13,6,56,67,658,
456,678,329,2017-07-11 18:58:58,,1,706,59,6,103,78,664,
422,631,305,,,1,694,15,6,236,72,671,
187,608,226,,,0,696,18,6,231,53,673,
214,594,166,2017-06-26 14:38:38,,0,690,38,6,103,74,673,
440,678,75,2017-07-11 09:03:03,2017-07-11 09:21:21,1,693,65,6,103,69,676,
406,631,294,,,0,699,17,6,231,52,677,
445,678,320,2017-07-11 12:25:25,,1,781,33,6,103,70,707,
364,689,271,2017-06-29 11:08:08,,0,755,66,6,56,59,726,
399,631,290,2017-07-08 10:13:13,,1,749,18,6,236,79,732,
400,631,291,,,0,803,26,6,236,70,745,
294,641,182,2017-06-28 14:27:27,,0,794,20,6,236,99,756,
455,678,328,2017-07-11 18:38:38,,1,806,64,6,103,71,760,
452,630,326,2017-07-11 17:57:57,,0,833,6,6,230,72,805,
232,628,169,,,0,852,4,6,56,55,808,
371,671,275,2017-06-29 17:58:58,,1,841,137,6,103,65,823,
359,608,268,,,0,884,29,6,231,56,844,
441,678,316,2017-07-11 09:21:21,,1,910,96,6,103,63,867,
414,689,300,2017-07-09 13:42:42,,1,903,92,6,56,50,884,
415,595,301,2017-07-08 20:20:20,,0,1044,3,6,56,65,907,
236,621,172,2017-06-27 06:28:28,,0,990,93,6,56,79,956,
301,621,184,2017-06-28 15:23:23,,0,1021,145,6,103,73,1005,
421,631,74,,2017-07-10 08:44:44,1,1196,22,6,56,75,1178,
395,689,71,2017-07-06 14:54:54,2017-07-06 16:16:16,0,1253,68,6,56,51,1199,
394,595,286,2017-07-04 16:01:01,,0,1228,18,6,306,57,1202,
242,593,173,2017-06-27 09:06:06,,0,1475,26,6,313,59,1232,
426,631,309,2017-07-10 09:23:23,,0,1246,21,6,188,44,1234,
419,631,73,,2017-07-10 07:57:57,1,1577,33,6,306,64,1538,
275,641,111,2017-06-27 17:04:04,,0,1834,242,6,188,65,1800,
