1,606,192,,,0,241,27,6,231,52,
2,602,78,,,0,908,40,6,236,66,
3,600,193,,,0,270,0,6,231,60,
4,593,79,,,0,461,37,6,229,62,
5,596,193,,,0,270,0,6,231,60,
6,608,193,,,0,270,129,6,231,60,
7,595,194,,,0,806,48,6,231,61,
8,607,80,,,0,635,68,6,56,68,
9,601,195,,,0,101,40,6,224,44,
10,611,81,,,0,347,0,6,56,74,
11,594,195,,,0,101,233,6,224,44,
12,621,82,,,0,358,432,6,56,70,
13,624,195,,,0,101,0,6,224,44,
14,623,195,,,0,101,2,6,224,44,
15,625,195,,,0,101,169,6,224,44,
16,628,83,,,0,984,147,6,56,72,
17,627,84,,,0,335,60,6,229,50,
18,629,196,,,0,136,67,6,231,63,
19,630,195,,,0,101,148,6,224,44,
20,633,85,,,0,326,102,6,103,76,
21,634,195,,,0,101,76,6,224,44,
22,632,86,,,0,487,69,6,230,50,
23,635,87,,,0,196,11,6,188,65,
24,636,195,,,0,101,80,6,224,44,
25,637,195,,,0,101,0,6,224,44,
26,641,195,,,0,101,416,6,224,44,
27,635,88,,,0,188,11,6,188,55,
28,642,195,,,0,101,107,6,224,44,
29,632,89,,,0,698,69,6,56,88,
30,641,87,2017-06-27 17:01:01,,0,196,416,6,188,65,
31,637,87,2017-06-20 16:49:49,,0,196,0,6,188,65,
32,633,90,,,0,98,102,6,103,86,
33,645,91,,,0,226,139,6,188,67,
34,635,91,,,0,226,11,6,188,67,
35,624,92,,,0,435,0,6,230,71,
36,637,91,,,0,226,0,6,188,67,
37,626,93,,,0,412,110,6,229,54,
38,643,94,,,0,1337,46,6,242,60,
39,641,91,2017-06-27 16:58:58,,0,226,416,6,188,67,
40,635,95,2017-06-27 17:29:29,,0,548,11,6,188,60,
41,623,196,,,0,136,2,6,231,63,
42,645,96,,,0,253,139,6,103,79,
43,627,197,,,0,349,60,6,231,44,
44,638,196,,,0,136,34,6,231,63,
45,633,97,,,0,490,102,6,243,52,
46,631,195,,,0,101,331,6,224,44,
47,639,98,,,0,524,0,6,229,53,
48,616,99,,,0,399,0,6,229,67,
49,656,100,,,0,536,0,6,236,74,
50,658,198,,,0,874,0,6,231,59,
51,653,87,,,0,196,0,6,188,65,
52,657,199,,,0,476,101,6,231,64,
53,661,101,,,0,536,0,6,236,65,
54,654,200,,,0,1116,0,6,231,64,
55,655,201,,,0,200,0,6,231,63,
56,659,102,,,0,334,67,6,229,66,
57,658,199,,,0,476,0,6,231,64,
58,651,199,,,0,476,0,6,231,64,
59,656,202,,,0,248,0,6,231,85,
60,662,203,,,0,277,0,6,231,48,
61,652,195,,,0,101,0,6,224,44,
62,657,200,,,0,1116,101,6,231,64,
63,650,103,,,0,366,84,6,56,72,
64,649,87,,,0,196,0,6,188,65,
65,658,202,,,0,248,0,6,231,85,
66,656,104,,,0,482,0,6,236,60,
67,652,99,,,0,399,0,6,229,67,
68,659,105,,,0,362,67,6,229,64,
69,656,106,,,0,474,0,6,229,56,
70,653,107,,,0,288,0,6,103,62,
71,656,108,,,0,1131,0,6,56,68,
72,655,109,,,0,538,0,6,236,56,
73,649,110,,,0,245,0,6,229,53,
74,651,200,,,0,1116,0,6,231,64,
75,661,111,,,0,1834,0,6,188,65,
76,656,204,,,0,300,0,6,231,82,
77,671,112,,,0,504,180,6,103,72,
78,681,110,,,0,245,0,6,229,53,
79,675,99,2017-06-28 11:57:57,,1,399,482,6,229,67,
80,673,113,,,0,577,0,6,229,67,
81,677,59,,,0,439,11,6,229,47,
82,688,59,2017-06-20 15:48:48,,0,439,94,6,229,47,
83,684,110,,,0,245,0,6,229,53,
84,683,110,,,0,245,49,6,229,53,
85,687,59,,,0,439,23,6,229,47,
86,690,102,,,0,334,0,6,229,66,
87,691,102,,,0,334,43,6,229,66,
88,679,110,,,0,245,79,6,229,53,
89,686,59,2017-06-26 17:08:08,2017-06-26 17:18:18,1,439,65,6,229,47,
90,681,106,,,0,474,0,6,229,56,
91,689,59,,,0,439,279,6,229,47,
92,681,114,,,0,27,0,6,229,65,
93,679,102,,,0,334,79,6,229,66,
94,659,114,,,0,27,67,6,229,65,
95,659,113,,,0,577,67,6,229,67,
96,659,99,,,0,399,67,6,229,67,
97,635,115,,,0,254,11,6,188,50,
98,661,116,,,0,893,0,6,236,62,
99,661,105,,,0,362,0,6,229,64,
100,661,117,,,0,501,0,6,236,65,
101,681,118,,,0,392,0,6,251,63,
102,655,119,,,0,128,0,6,252,63,
103,651,205,,,0,243,0,6,250,62,
104,651,120,,,0,354,0,6,252,63,
105,651,206,,,0,186,0,6,250,91,
106,651,207,,,0,139,0,6,250,83,
107,655,208,,,0,113,0,6,250,57,
108,655,121,,,0,797,0,6,252,49,
109,606,209,,,0,169,27,6,250,59,
110,606,210,,,0,133,27,6,250,69,
111,606,208,,,0,113,27,6,250,57,
112,606,122,,,0,51,27,6,252,73,
113,606,123,,,0,1056,27,6,256,61,
114,621,124,,,0,351,432,6,252,66,
115,616,211,,,0,151,0,6,250,46,
116,616,125,,,0,82,0,6,253,47,
117,617,126,,,0,415,84,6,263,57,
118,617,127,,,0,353,84,6,237,86,
119,617,128,,,0,489,84,6,263,81,
120,687,99,,,0,399,23,6,229,67,
121,687,79,,,0,461,23,6,229,62,
122,649,212,,,0,465,0,6,250,53,
123,603,99,,,0,399,43,6,229,67,
124,603,129,,,0,591,43,6,266,63,
125,621,59,,,0,439,432,6,229,47,
126,615,91,,,0,226,27,6,188,67,
127,594,130,,,0,643,233,6,253,64,
128,615,131,,,0,372,27,6,252,63,
129,607,132,,,0,941,68,6,252,42,
130,639,133,,,0,27,0,6,251,65,
131,608,213,,,0,163,129,6,250,74,
132,603,134,,,0,472,43,6,251,55,
133,603,114,,,0,27,43,6,229,65,
134,628,135,,,0,176,147,6,252,68,
135,628,99,,,0,399,147,6,229,67,
136,606,214,,,0,108,27,6,250,61,
137,642,136,,,0,139,107,6,253,56,
138,642,137,,,0,401,107,6,253,68,
139,606,138,,,0,827,27,6,252,73,
140,627,215,,,0,625,60,6,250,60,
141,603,139,,,0,149,43,6,253,79,
142,603,140,,,0,155,43,6,253,73,
143,594,141,,,0,595,233,6,253,69,
144,642,142,,,0,586,107,6,251,52,
145,1066,195,,,0,101,47,6,224,44,
146,1066,142,2017-06-25 16:24:24,,0,586,47,6,251,52,
147,1066,143,,,0,492,47,6,251,56,
148,1066,134,,,0,472,47,6,251,55,
149,642,144,,,0,1189,107,6,253,91,
150,593,57,,,0,212,37,6,252,62,
151,656,216,,,0,289,0,6,250,33,
152,656,218,,,0,204,0,6,250,61,
153,656,217,,,0,3724,0,6,250,56,
154,628,114,,,0,27,147,6,229,65,
155,628,106,,,0,474,147,6,229,56,
156,593,145,,,0,373,37,6,252,78,
157,659,115,,,0,254,67,6,188,50,
158,689,99,,,0,399,279,6,229,67,
159,656,146,,,0,1508,0,6,252,60,
160,689,142,,,0,586,279,6,251,52,
161,655,147,,,0,819,0,6,276,63,
162,640,195,,,0,101,44,6,224,44,
163,657,219,,,0,223,101,6,250,63,
164,657,220,,,0,215,101,6,250,57,
165,657,221,,,0,55,101,6,250,72,
166,657,222,,,0,118,101,6,250,52,
167,657,223,,,0,226,101,6,250,66,
168,657,224,,,0,223,101,6,250,80,
169,617,148,2017-06-19 14:58:58,,0,188,84,6,263,56,
170,617,149,2017-06-19 14:59:59,,0,308,84,6,263,61,
171,617,150,2017-06-19 15:36:36,,0,504,84,6,263,83,
172,602,151,2017-06-19 17:14:14,,1,473,40,6,263,72,
173,603,152,2017-06-19 18:31:31,,0,239,43,6,253,72,
174,603,153,2017-06-19 18:48:48,,0,77,43,6,253,77,
175,650,154,2017-06-19 19:36:36,,0,1156,84,6,253,70,
176,688,93,2017-06-20 15:49:49,,0,412,94,6,251,54,
177,633,155,2017-06-21 17:17:17,,1,495,102,6,253,76,
178,633,156,2017-06-21 17:40:40,,1,358,102,6,253,49,
179,594,88,2017-06-22 09:55:55,,0,188,233,6,188,55,
180,594,157,2017-06-22 10:28:28,,0,676,233,6,253,67,
181,615,61,2017-06-22 14:30:30,,0,559,27,6,251,52,
182,615,60,2017-06-22 14:38:38,,0,419,27,6,251,52,
183,630,60,2017-06-22 14:58:58,,1,419,148,6,251,52,
184,630,225,,,1,172,148,6,250,49,
185,687,57,,,0,212,23,6,252,62,
186,687,158,2017-06-22 15:53:53,,0,163,23,6,252,56,
187,608,226,,,0,696,129,6,250,53,
188,677,60,2017-06-23 13:25:25,,0,419,11,6,251,52,
189,660,99,2017-06-23 16:53:53,,0,399,45,6,229,67,
190,660,159,2017-06-23 16:57:57,,0,441,45,6,263,77,
191,609,160,,,0,616,51,6,252,69,
192,679,61,2017-06-24 13:45:45,,1,559,79,6,251,52,
193,679,66,2017-06-24 14:08:08,,1,499,79,6,251,46,
194,601,57,2017-06-25 06:37:37,2017-06-25 06:48:48,1,212,40,6,252,62,
195,659,91,2017-06-25 11:24:24,,0,226,67,6,188,67,
196,1066,60,2017-06-25 14:02:02,,0,419,47,6,251,52,
197,608,227,,,0,68,129,6,250,81,
198,608,228,,,0,600,129,6,250,65,
199,638,229,,,0,79,34,6,250,65,
200,638,230,,,0,154,34,6,250,81,
201,638,231,,,0,515,34,6,250,75,
202,638,232,,,0,212,34,6,250,63,
203,638,233,,,0,208,34,6,250,68,
204,660,58,2017-06-25 18:52:52,2017-06-25 18:57:57,1,359,45,6,252,61,
205,657,234,,,1,270,101,6,250,71,
206,621,161,,,0,445,432,6,251,68,
207,593,162,2017-06-26 09:01:01,,0,359,37,6,252,75,
208,621,60,2017-06-27 16:28:28,,0,419,432,6,251,52,
209,633,163,2017-06-26 14:02:02,,1,833,102,6,252,90,
210,594,164,2017-06-26 14:07:07,,0,489,233,6,253,63,
211,683,235,,,0,283,49,6,250,70,
212,633,165,,,1,581,102,6,253,64,
213,633,164,,,1,489,102,6,253,63,
214,594,166,2017-06-26 14:38:38,,0,690,233,6,253,74,
215,683,59,2017-06-26 14:44:44,,0,439,49,6,229,47,
216,1066,99,2017-06-26 16:12:12,,0,399,47,6,229,67,
217,1076,167,2017-06-26 16:43:43,,0,399,38,6,251,60,
218,691,61,2017-06-26 17:07:07,,1,559,43,6,251,52,
219,688,106,,,0,474,94,6,229,56,
220,688,114,2017-06-20 15:49:49,,0,27,94,6,229,65,
221,688,66,2017-06-20 15:46:46,,0,499,94,6,251,46,
222,626,91,2017-06-26 17:09:09,,0,226,110,6,268,67,
223,626,61,2017-06-26 17:33:33,,0,559,110,6,251,52,
224,628,60,,2017-06-26 17:43:43,0,419,147,6,251,52,
225,607,168,2017-06-26 18:19:19,,0,794,68,6,252,60,
226,640,59,2017-06-26 18:44:44,,1,439,44,6,229,47,
227,627,236,,,0,396,60,6,250,41,
228,607,99,2017-06-26 18:57:57,,1,399,68,6,229,67,
229,627,61,2017-06-26 19:06:06,,0,559,60,6,251,52,
230,674,91,2017-06-26 19:17:17,,0,226,28,6,188,67,
231,628,237,,,0,93,147,6,250,70,
232,628,169,,,0,852,147,6,252,55,
233,628,61,,2017-06-26 19:41:41,0,559,147,6,251,52,
234,594,170,2017-06-26 20:11:11,,0,88,233,6,253,72,
235,594,171,2017-06-26 20:12:12,,0,404,233,6,253,57,
236,621,172,2017-06-27 06:28:28,,0,990,432,6,252,79,
237,608,238,,,0,171,129,6,250,52,
238,636,239,,,1,81,80,6,250,79,
239,636,240,,,1,404,80,6,250,49,
240,636,241,,,0,110,80,6,250,78,
241,636,91,2017-06-27 09:00:00,,0,226,80,6,188,67,
242,593,173,2017-06-27 09:06:06,,0,1475,37,6,294,59,
243,636,174,2017-06-27 09:19:19,,1,77,80,6,268,59,
244,636,242,,,0,191,80,6,250,71,
245,636,142,2017-06-27 09:52:52,,0,586,80,6,251,52,
246,636,243,,,0,240,80,6,250,74,
247,1078,195,,,0,101,221,6,224,44,
248,1078,244,,,0,268,221,6,250,66,
249,1078,60,2017-06-27 12:19:19,,1,419,221,6,251,52,
250,1078,113,2017-06-27 13:11:11,,1,577,221,6,229,67,
251,1076,62,2017-06-27 13:29:29,,1,392,38,6,251,65,
252,613,67,2017-06-27 13:34:34,,0,393,124,6,272,57,
253,1078,59,2017-06-27 13:37:37,,1,439,221,6,229,47,
254,1076,175,2017-06-27 13:45:45,,1,430,38,6,251,56,
255,1076,67,2017-06-27 13:47:47,,1,393,38,6,251,57,
256,1076,61,2017-06-27 13:50:50,,1,559,38,6,251,52,
257,1079,62,2017-06-27 13:46:46,,0,392,28,6,251,65,
258,1079,167,2017-06-27 14:15:15,,0,399,28,6,251,60,
259,1079,175,2017-06-27 14:17:17,,0,430,28,6,251,56,
260,1079,67,2017-06-27 14:19:19,,0,393,28,6,251,57,
261,1079,60,2017-06-27 14:24:24,,1,419,28,6,251,52,
262,1078,106,,,1,474,221,6,229,56,
263,1078,114,2017-06-27 14:25:25,,1,27,221,6,229,65,
264,1079,61,2017-06-27 14:26:26,,1,559,28,6,251,52,
265,632,176,2017-06-27 14:25:25,,0,537,69,6,252,68,
266,1078,176,2017-06-27 14:39:39,,0,537,221,6,252,68,
267,632,67,2017-06-27 14:44:44,,0,393,69,6,251,57,
268,686,167,2017-06-27 14:59:59,,1,399,65,6,251,60,
269,1078,245,,,1,609,221,6,250,65,
270,634,177,2017-06-27 15:13:13,,0,218,76,6,266,88,
271,634,62,2017-06-27 15:23:23,,0,392,76,6,251,65,
272,621,134,2017-06-27 16:30:30,,0,472,432,6,251,55,
273,634,67,2017-06-27 16:52:52,,1,393,76,6,251,57,
274,625,60,2017-06-27 16:56:56,2017-06-27 17:03:03,1,419,169,6,251,52,
275,641,111,2017-06-27 17:04:04,,0,1834,416,6,268,65,
276,641,178,2017-06-27 17:58:58,,0,821,416,6,268,52,
277,641,95,2017-06-27 17:59:59,,0,548,416,6,268,60,
278,675,64,2017-06-28 10:58:58,,1,553,482,6,251,47,
279,675,60,2017-06-28 14:01:01,,1,419,482,6,251,52,
280,629,246,,,1,140,67,6,250,65,
281,629,247,,,1,128,67,6,250,75,
282,645,62,2017-06-28 12:38:38,,0,392,139,6,251,65,
283,641,179,2017-06-28 12:39:39,,1,523,416,6,263,71,
284,636,248,,,0,205,80,6,250,86,
285,628,67,2017-06-27 18:33:33,,0,393,147,6,251,57,
286,642,57,,,0,212,107,6,252,62,
287,642,180,2017-06-28 12:44:44,,0,139,107,6,252,62,
288,642,181,2017-06-28 12:48:48,,0,653,107,6,253,76,
289,636,249,,,0,256,80,6,250,45,
290,675,61,2017-06-28 13:00:00,,1,559,482,6,251,52,
291,636,143,2017-06-28 13:01:01,,0,492,80,6,251,56,
292,1078,250,,,1,407,221,6,250,68,
293,1078,64,2017-06-28 14:25:25,,1,553,221,6,251,47,
294,641,182,2017-06-28 14:27:27,,0,794,416,6,263,99,
295,625,62,2017-06-27 18:26:26,2017-06-27 18:26:26,1,392,169,6,251,65,
296,675,67,2017-06-28 15:01:01,,1,393,482,6,272,57,
297,641,159,2017-06-28 15:16:16,,0,441,416,6,263,77,
298,621,183,2017-06-28 06:34:34,,0,279,432,6,253,69,
299,629,251,,,0,510,67,6,250,40,
300,643,88,2017-06-28 15:22:22,,0,188,46,6,188,55,
301,621,184,2017-06-28 15:23:23,,0,1021,432,6,253,73,
302,636,185,2017-06-28 15:21:21,,0,436,80,6,252,75,
303,629,252,,,0,302,67,6,250,56,
304,643,249,,,0,256,46,6,250,45,
305,636,87,2017-06-28 15:36:36,,0,196,80,6,188,65,
306,636,133,2017-06-28 15:39:39,,0,27,80,6,251,65,
307,629,253,,,0,283,67,6,250,64,
308,642,67,2017-06-28 12:43:43,,0,393,107,6,272,57,
309,629,254,,,0,155,67,6,250,56,
310,641,60,2017-06-28 15:55:55,,0,419,416,6,251,52,
311,640,61,2017-06-28 15:55:55,,0,559,44,6,251,52,
312,1078,186,2017-06-28 15:55:55,,1,144,221,6,252,62,
313,641,61,2017-06-28 16:01:01,,0,559,416,6,251,52,
314,625,63,2017-06-28 16:14:14,2017-06-28 16:14:14,0,584,169,6,266,69,
315,642,187,2017-06-28 16:17:17,,0,1093,107,6,252,76,
316,642,60,2017-06-28 16:20:20,,1,419,107,6,251,52,
317,625,64,2017-06-28 16:27:27,2017-06-28 16:32:32,0,553,169,6,251,47,
318,638,255,,,0,110,34,6,250,62,
319,676,65,2017-06-28 17:10:10,2017-06-28 17:36:36,1,379,47,6,268,55,
320,675,62,2017-06-28 17:11:11,,1,392,482,6,251,65,
321,621,177,2017-06-28 17:15:15,,0,218,432,6,266,88,
322,642,99,2017-06-28 17:29:29,,1,399,107,6,229,67,
323,628,66,,,0,499,147,6,251,46,
324,676,175,2017-06-28 17:39:39,,1,430,47,6,251,56,
325,645,65,2017-06-28 18:05:05,,0,379,139,6,268,55,
326,675,167,2017-06-28 18:06:06,,1,399,482,6,251,60,
327,687,188,2017-06-28 18:12:12,,0,95,23,6,253,74,
328,642,61,2017-06-28 18:15:15,,1,559,107,6,251,52,
329,628,167,,,0,399,147,6,251,60,
330,675,175,2017-06-28 18:41:41,,0,430,482,6,251,56,
331,608,256,,,0,169,129,6,250,69,
332,645,257,,,1,253,139,6,250,55,
333,594,65,2017-06-28 18:56:56,,0,379,233,6,268,55,
334,607,63,2017-06-28 18:56:56,,0,584,68,6,266,69,
335,636,189,2017-06-28 18:50:50,,0,367,80,6,252,52,
336,636,62,2017-06-28 19:05:05,,0,392,80,6,251,65,
337,632,106,,,0,474,69,6,229,56,
338,632,114,2017-06-28 19:04:04,,0,27,69,6,229,65,
339,643,258,,,0,97,46,6,250,55,
340,675,161,2017-06-28 19:19:19,,1,445,482,6,251,68,
341,594,87,2017-06-28 19:24:24,,0,196,233,6,188,65,
342,625,66,2017-06-28 19:24:24,2017-06-28 19:29:29,0,499,169,6,251,46,
343,675,190,2017-06-28 19:26:26,,0,519,482,6,251,72,
344,676,256,,,0,169,47,6,250,69,
345,594,91,2017-06-28 19:44:44,,0,226,233,6,188,67,
346,626,65,,,0,379,110,6,268,55,
347,626,66,,,0,499,110,6,251,46,
348,594,95,2017-06-28 20:10:10,,0,548,233,6,268,60,
349,643,259,,,0,328,46,6,250,41,
350,627,260,,,1,179,60,6,250,28,
351,630,261,,,0,157,148,6,250,68,
352,630,262,,,0,193,148,6,250,70,
353,630,263,,,0,114,148,6,250,83,
354,630,191,2017-06-29 07:28:28,,0,486,148,6,266,74,
355,608,264,,,0,69,129,6,250,40,
356,608,265,,,0,91,129,6,250,46,
357,608,266,,,0,142,129,6,250,82,
358,608,267,,,0,103,129,6,250,73,
359,608,268,,,0,884,129,6,250,56,
360,630,269,,,0,150,148,6,250,57,
361,689,143,2017-06-29 10:49:49,,0,492,279,6,251,56,
362,689,134,,,0,472,279,6,251,55,
363,689,270,,,0,108,279,6,250,73,
364,689,271,2017-06-29 11:08:08,,0,755,279,6,252,59,
365,657,270,,,0,108,101,6,250,73,
366,657,272,,,0,259,101,6,250,46,
367,657,273,,,0,102,101,6,250,60,
368,657,274,,,0,112,101,6,250,68,
369,625,67,2017-06-27 18:25:25,2017-06-29 15:19:19,0,393,169,6,272,57,
370,659,70,2017-06-29 15:18:18,,0,473,67,6,251,46,
371,671,275,2017-06-29 17:58:58,,1,841,180,6,253,65,
372,1081,195,,,0,101,31,6,224,44,
373,1081,106,,,0,474,31,6,229,56,
374,1081,114,2017-06-29 18:35:35,,0,27,31,6,229,65,
375,1081,60,,,0,419,31,6,251,52,
376,613,276,2017-06-29 19:08:08,,0,412,124,6,252,66,
377,613,277,2017-06-29 19:21:21,,0,287,124,6,263,63,
378,613,278,2017-06-29 19:26:26,,0,378,124,6,266,64,
379,613,279,2017-06-29 19:32:32,,0,426,124,6,266,73,
380,606,280,2017-06-29 21:14:14,,0,913,27,6,252,67,
381,602,277,2017-06-30 11:35:35,,1,287,40,6,263,63,
382,659,161,2017-07-01 12:43:43,,0,445,67,6,251,68,
383,630,281,,,0,190,148,6,250,64,
384,625,68,2017-07-02 11:14:14,2017-07-02 11:16:16,1,421,169,6,251,54,
385,630,282,,,0,67,148,6,250,76,
386,630,283,,,0,167,148,6,250,79,
387,678,178,,,0,821,664,6,188,52,
388,678,70,,2017-07-03 12:14:14,1,473,664,6,251,46,
389,657,284,,,0,245,101,6,250,70,
390,657,285,,,0,251,101,6,250,69,
391,678,65,2017-07-04 17:33:33,2017-07-04 17:38:38,1,379,664,6,268,55,
392,678,69,,2017-07-03 12:13:13,0,565,664,6,297,62,
393,628,70,2017-07-05 09:22:22,,0,473,147,6,251,46,
394,595,286,2017-07-04 16:01:01,,0,1228,48,6,305,57,
395,689,71,2017-07-06 14:54:54,2017-07-06 16:16:16,0,1253,279,6,252,51,
396,631,287,2017-07-08 09:11:11,,1,336,331,6,263,54,
397,631,288,,,0,711,331,6,263,67,
398,671,289,2017-07-08 09:57:57,,0,330,180,6,253,63,
399,631,290,2017-07-08 10:13:13,,1,749,331,6,263,79,
400,631,291,,,0,803,331,6,263,70,
401,631,292,,,1,294,331,6,252,84,
402,631,293,,,1,490,331,6,266,82,
403,631,61,,,1,559,331,6,251,52,
404,631,67,,,0,393,331,6,272,57,
405,631,70,,,0,473,331,6,251,46,
406,631,294,,,0,699,331,6,250,52,
407,631,190,,,0,519,331,6,251,72,
408,631,295,,,1,334,331,6,250,75,
409,631,296,,,1,483,331,6,250,56,
410,631,297,,,0,156,331,6,250,74,
411,631,115,2017-07-08 14:06:06,,0,254,331,6,188,50,
412,595,298,2017-07-07 22:14:14,,0,746,48,6,252,67,
413,595,299,,,0,395,48,6,250,53,
414,689,300,2017-07-09 13:42:42,,1,903,279,6,252,50,
415,595,301,2017-07-08 20:20:20,,0,1044,48,6,252,65,
416,678,72,,2017-07-10 07:53:53,1,189,664,6,253,54,
417,631,302,,,1,643,331,6,250,61,
418,631,303,,,0,267,331,6,250,59,
419,631,73,,2017-07-10 07:57:57,1,1577,331,6,305,64,
420,678,304,,,0,561,664,6,253,67,
421,631,74,,2017-07-10 08:44:44,1,1196,331,6,252,75,
422,631,305,,,1,694,331,6,263,72,
423,678,306,,,1,412,664,6,253,57,
424,631,307,2017-07-10 09:22:22,,1,596,331,6,252,66,
425,1082,308,,,1,589,448,6,250,87,
426,631,309,2017-07-10 09:23:23,,0,1246,331,6,268,44,
427,631,310,2017-07-10 10:13:13,,1,386,331,6,266,54,
428,631,65,2017-07-10 10:19:19,,0,379,331,6,268,55,
429,631,91,2017-07-10 10:24:24,,1,226,331,6,268,67,
430,631,88,2017-07-10 10:26:26,,0,188,331,6,188,55,
431,631,95,,,0,548,331,6,268,60,
432,1082,311,,2017-07-10 11:46:46,0,89,448,6,250,64,
433,1082,312,,,1,267,448,6,250,89,
434,1082,313,,2017-07-10 11:54:54,1,517,448,6,250,52,
435,1082,302,,2017-07-10 12:11:11,1,643,448,6,250,61,
436,626,314,,,0,438,110,6,251,49,
437,626,76,,,0,556,110,6,251,44,
438,671,314,2017-07-10 20:54:54,,0,438,180,6,251,49,
439,678,315,2017-07-11 08:54:54,,1,245,664,6,251,59,
440,678,75,2017-07-11 09:03:03,2017-07-11 09:21:21,1,693,664,6,253,69,
441,678,316,2017-07-11 09:21:21,,1,910,664,6,253,63,
442,678,317,2017-07-11 11:58:58,,1,346,664,6,251,60,
443,614,318,2017-07-11 12:10:10,,0,321,26,6,253,56,
444,678,319,2017-07-11 12:15:15,,1,409,664,6,309,72,
445,678,320,2017-07-11 12:25:25,,1,781,664,6,253,70,
446,678,321,2017-07-11 13:11:11,,1,559,664,6,253,77,
447,678,76,2017-07-11 17:30:30,2017-07-11 17:48:48,1,556,664,6,251,44,
448,630,322,,,0,268,148,6,250,76,
449,678,323,2017-07-11 17:51:51,,1,273,664,6,253,79,
450,630,324,2017-07-11 17:55:55,,0,230,148,6,266,62,
451,630,325,2017-07-11 17:56:56,,0,284,148,6,266,85,
452,630,326,2017-07-11 17:57:57,,0,833,148,6,266,72,
453,678,77,2017-07-11 17:58:58,2017-07-11 18:05:05,1,442,664,6,253,75,
454,678,327,2017-07-11 18:30:30,,1,126,664,6,253,64,
455,678,328,2017-07-11 18:38:38,,1,806,664,6,253,71,
456,678,329,2017-07-11 18:58:58,,1,706,664,6,253,78,
457,630,330,2017-07-11 20:11:11,,0,611,148,6,251,50,
458,630,331,2017-07-13 19:10:10,,0,628,148,6,266,74,
459,630,315,2017-07-13 19:14:14,,0,245,148,6,251,59,
460,630,332,,,0,175,148,6,250,82,
461,630,333,,,0,198,148,6,250,80,
462,630,334,,,0,132,148,6,250,65,
463,630,335,,,0,108,148,6,250,61,
464,630,314,2017-07-13 19:34:34,,0,438,148,6,251,49,
465,630,336,,,0,139,148,6,250,56,
466,630,337,,,0,127,148,6,250,53,
